38 41 75 29
32 33 62 39
28 40 63 38
32 43 67 37
31 41 64 40
35 38 68 40
35 40 68 39
32 38 68 42
33 40 74 38
32 39 67 39
35 38 68 42
32 44 65 41
29 38 66 37
35 38 63 41
31 42 62 34
31 42 65 41
36 40 72 40
31 40 61 42
31 47 65 36
36 35 63 38 
32 36 69 37
32 38 69 38
35 37 70 38
32 39 68 41
31 41 68 41
31 38 68 36
30 40 70 38
33 38 68 40
34 37 69 41
31 41 70 42
35 40 70 40
30 36 70 40
31 35 71 33
32 37 72 39
25 47 63 36
33 34 71 34 
29 41 68 35
35 38 69 37
30 39 67 37
33 32 72 45
32 32 71 38 
32 38 68 41
32 38 70 38 
35 36 74 40
26 40 69 36
28 41 63 37 
30 39 66 40
32 40 68 36
28 37 70 38
31 38 71 38
32 66 71 35
28 39 68 36
29 39 68 37
29 40 66 37
34 37 71 37
29 36 66 36
29 41 70 38
28 41 68 35
31 39 67 37
29 38 66 37
36 38 68 35 
29 41 67 37 
31 40 75 37
33 35 75 37
29 38 70 38
28 39 69 38
35 36 68 44
34 39 63 39
31 33 66 40
23 34 65 32
30 43 63 37
35 40 68 38
30 43 60 42
29 38 66 42
36 38 67 37
33 39 65 38
31 39 68 39
30 41 69 40 
31 41 65 39
36 41 64 38
36 38 68 42
31 37 71 38
29 32 62 39
30 38 67 37
31 37 70 34
33 38 68 36
29 45 64 35
29 36 64 36
32 41 66 37 
40 40 67 40 
32 39 68 39
31 41 65 39
32 42 67 37
32 45 65 43 
37 43 67 39
32 42 67 40
25 44 61 42
33 38 66 35
34 39 68 40
33 41 66 37
32 37 65 39
31 40 65 37
35 43 70 40
29 37 68 36
33 39 65 39
34 38 68 44
32 42 65 41
30 42 68 38
31 40 67 40 
35 37 73 37
32 41 70 40
31 40 64 40
53 41 68 41 
33 39 70 36
30 38 70 38
29 40 65 39
31 41 68 38
31 40 66 39
31 38 69 38
31 40 67 39
33 41 71 39 
33 40 67 40 
33 37 69 40 
26 31 61 30
30 40 69 38
30 39 67 37
31 39 69 40
30 33 69 38
31 38 70 41
31 39 68 39
32 39 67 40 
30 43 68 40
29 42 66 36
30 39 70 34
32 35 70 37
32 38 72 37
26 35 70 35
30 41 70 39
32 38 71 39
26 43 67 36
31 39 68 40
32 35 72 46
27 37 70 40
30 39 71 40
28 37 69 35
24 38 62 34
30 44 66 38
34 37 68 40
31 40 65 42
31 42 59 41
28 38 65 34
33 44 64 38
34 40 66 41
33 39 71 40
37 38 70 45
33 38 69 38
33 36 64 40
33 32 66 44
28 37 67 37 
31 39 65 39
31 42 69 39
30 40 63 39
32 36 67 35
32 42 62 39
32 39 65 40
30 42 63 38 
35 42 70 36
29 38 65 39
30 42 65 40
33 40 67 40 
28 40 67 39
28 38 64 39
33 42 70 41
33 42 67 41
27 41 63 39
32 37 68 38
31 40 70 41 
31 38 68 38 
28 40 65 40 
34 48 69 35
31 38 71 40 
31 41 67 41
34 39 69 40
28 38 68 37
34 39 67 37
31 43 68 36
31 43 70 36
32 35 68 39
33 39 67 39
32 39 66 38
34 40 70 43
30 40 67 40 
32 43 68 42
33 39 68 40 
33 34 65 44
33 32 63 48
31 40 66 38
35 38 65 43 
29 37 67 40
34 44 65 42
31 41 67 39
36 42 67 41
36 40 66 45
29 40 69 38
30 38 67 43
31 34 69 40
32 39 66 41
31 38 63 38
31 41 68 41







































